0 -74.155739 0.000008 34.140831 0.030000 0.030000 0.030000 -2.356194
0 -64.444633 -0.000008 24.142113 0.030000 0.030000 0.030000 -2.356194
0 -54.301086 0.000000 14.355186 0.030000 0.030000 0.030000 -2.356194
0 -44.132690 0.000000 4.057541 0.030000 0.030000 0.030000 -2.356194
1 -42.586769 0.000008 -4.349396 0.030000 0.030000 0.030000 -4.712389
0 -43.045792 0.000000 -13.671097 0.030000 0.030000 0.030000 -3.926991
0 -52.571609 0.000000 -23.244118 0.030000 0.030000 0.030000 -3.926991
0 -62.128036 0.000000 -33.220387 0.030000 0.030000 0.030000 -3.926991
0 -75.309944 0.000008 -38.713928 0.030000 0.030000 0.030000 -3.926991
0 -75.309944 0.000008 -38.713928 0.030000 0.030000 0.030000 -3.926991
0 -57.245621 -0.000004 -2.794842 0.007200 0.007200 0.007200 -7.068583
0 -58.355091 0.000000 -2.370457 0.019200 0.019200 0.019200 -7.068583
2 -26.604288 0.000000 -10.866581 0.019200 0.019200 0.019200 -7.068583
2 -9.862190 0.000000 -6.381683 0.019200 0.019200 0.019200 -7.068583
2 -8.643742 -0.000004 -17.252300 0.019200 0.019200 0.019200 -7.068583
2 -14.800236 -0.000008 -22.786789 0.019200 0.019200 0.019200 -7.068583
2 -5.623875 -0.000008 -23.365150 0.019200 0.019200 0.019200 -6.283185
2 5.768970 -0.000004 -11.049583 0.019200 0.019200 0.019200 -5.497787
2 5.279732 0.000000 -4.871708 0.019200 0.019200 0.019200 -4.712389
2 -7.889130 -0.000004 1.364952 0.019200 0.019200 0.019200 -3.926991
2 -19.336666 -0.000004 0.800819 0.019200 0.019200 0.019200 -3.926991
2 -31.059664 0.000000 -8.812172 0.019200 0.019200 0.019200 -4.712389
2 -26.778423 -0.000004 -27.886316 0.019200 0.019200 0.019200 -5.497787
2 40.578693 -0.000008 -0.546501 0.092400 0.092400 0.092400 -6.283185
2 72.551262 0.000015 24.813690 0.064800 0.064800 0.064800 -6.283185
2 63.697578 0.000000 -24.909973 0.064800 0.064800 0.064800 -6.283185
2 17.066475 0.000000 -21.329773 0.064800 0.064800 0.064800 -6.283185
2 12.050373 0.000000 14.723450 0.064800 0.064800 0.064800 -6.283185
2 -22.996168 0.000000 -11.065308 0.064800 0.064800 0.064800 -6.283185
2 8.427952 0.000015 0.579041 0.064800 0.064800 0.064800 -6.283185
2 -5.198040 0.000015 12.383102 0.064800 0.064800 0.064800 -6.283185
2 -14.282900 0.000015 23.345840 0.064800 0.064800 0.064800 -6.283185
2 -36.084984 0.000000 18.039474 0.064800 0.064800 0.064800 -6.283185
2 -59.255119 0.000000 31.279755 0.064800 0.064800 0.064800 -6.283185
2 -68.674675 0.000000 9.605255 0.064800 0.064800 0.064800 -6.283185
2 -68.291275 0.000031 -21.730545 0.064800 0.064800 0.064800 -6.283185
2 -39.624847 0.000000 -2.060944 0.064800 0.064800 0.064800 -6.283185
2 -45.589741 0.000031 -32.658722 0.064800 0.064800 0.064800 -6.283185
2 -20.490046 -0.000015 -26.873642 0.064800 0.064800 0.064800 -6.283185
2 -7.348175 0.000015 -30.363510 0.064800 0.064800 0.064800 -6.283185
2 35.140038 -0.000015 -34.552551 0.064800 0.064800 0.064800 -6.283185
2 32.502556 0.000000 27.776596 0.064800 0.064800 0.064800 -6.283185
2 72.578644 0.000000 1.465927 0.064800 0.064800 0.064800 -6.283185
