1 -264.263611 0.000000 -157.980499 0.054000 0.054000 0.054000 1.570796
3 -217.807251 0.000015 -158.947525 0.054000 0.054000 0.054000 1.221730
4 -179.848282 -0.000015 -139.167175 0.054000 0.054000 0.054000 0.698132
2 -160.808853 0.000000 -104.510315 0.054000 0.054000 0.054000 -0.000000
3 -158.153412 0.000000 -65.708755 0.054000 0.054000 0.054000 -0.174533
3 -170.375092 0.000000 37.588451 0.054000 0.054000 0.054000 -0.349066
4 -190.615906 -0.000015 76.552841 0.054000 0.054000 0.054000 -0.872665
2 -225.530396 0.000015 98.733025 0.054000 0.054000 0.054000 -1.396263
3 -263.932922 0.000000 101.324448 0.054000 0.054000 0.054000 -1.919862
3 -66.865631 0.000000 -141.479218 0.054000 0.054000 0.054000 -3.839724
2 -67.085533 0.000000 -66.997742 0.054000 0.054000 0.054000 -2.094395
4 -26.045784 0.000015 -55.212315 0.054000 0.054000 0.054000 -1.919862
1 18.135967 -0.000015 -54.132305 0.054000 0.054000 0.054000 -1.570796
3 57.668221 -0.000015 -65.415962 0.054000 0.054000 0.054000 -1.221731
5 77.711639 0.000000 -145.753830 0.054000 0.054000 0.054000 0.349066
5 257.342224 0.000000 -155.825867 0.054000 0.054000 0.054000 1.396263
3 217.969696 0.000015 -146.026947 0.054000 0.054000 0.054000 1.919862
2 192.827515 0.000015 -119.041756 0.054000 0.054000 0.054000 2.617994
1 180.929871 0.000015 -75.312469 0.054000 0.054000 0.054000 2.967060
1 267.272552 0.000000 92.802338 0.054000 0.054000 0.054000 4.712389
3 221.910706 0.000000 84.110474 0.054000 0.054000 0.054000 4.188790
4 187.828949 -0.000031 57.183708 0.054000 0.054000 0.054000 3.490658
5 177.348007 0.000000 22.381329 0.054000 0.054000 0.054000 3.141593
5 -56.268272 0.000000 59.791573 0.054000 0.054000 0.054000 1.919862
3 60.202236 0.000015 57.474747 0.054000 0.054000 0.054000 1.047198
3 -60.180984 0.000000 140.990646 0.054000 0.054000 0.054000 0.174533
5 -92.117867 -0.000015 110.141525 0.054000 0.054000 0.054000 1.221731
2 -124.874687 0.000000 89.179672 0.054000 0.054000 0.054000 0.523599
0 -155.591949 0.000015 69.830124 0.030000 0.030000 0.030000 0.000000
0 -155.591949 0.000015 69.830124 0.030000 0.030000 0.030000 0.000000
2 75.282097 -0.000015 143.943359 0.054000 0.054000 0.054000 2.617994
3 98.968025 0.000015 113.603416 0.054000 0.054000 0.054000 2.094395
4 134.616714 -0.000015 82.897324 0.054000 0.054000 0.054000 2.268928
0 165.087692 0.000000 66.085396 0.030000 0.030000 0.030000 -0.000000
7 -237.097580 -0.000015 137.786621 0.422000 0.422000 0.422000 -0.698132
7 242.811218 0.000000 134.288116 0.422000 0.422000 0.422000 -1.745329
7 242.811218 0.000000 134.288116 0.422000 0.422000 0.422000 -1.745329
8 -95.662827 0.000000 136.366486 0.458000 0.458000 0.458000 -1.745329
9 -159.062088 0.000015 99.171051 0.458000 0.458000 0.458000 -2.792526
9 156.030319 0.000000 98.951309 0.458000 0.458000 0.458000 -4.363323
8 114.478416 0.000000 136.214142 0.574000 0.574000 0.574000 -4.188790
8 114.478416 0.000000 136.214142 0.574000 0.574000 0.574000 -4.188790
1 -279.657074 -0.000008 73.912788 0.054000 0.054000 0.054000 -3.316125
3 -279.734985 0.000000 -127.934982 0.054000 0.054000 0.054000 -3.316125
5 -279.220490 0.000000 -79.209045 0.054000 0.054000 0.054000 -3.316125
2 -279.717590 0.000008 25.620434 0.054000 0.054000 0.054000 -3.316125
2 279.464722 0.000000 71.174263 0.054000 0.054000 0.054000 -0.174533
3 279.748291 0.000000 -126.711159 0.054000 0.054000 0.054000 -0.174533
5 279.412384 0.000015 -83.154221 0.054000 0.054000 0.054000 -0.174533
4 279.887634 0.000000 26.196472 0.054000 0.054000 0.054000 -0.174533
4 -30.400131 0.000000 -159.484528 0.054000 0.054000 0.054000 1.396263
5 40.364239 0.000015 -159.809647 0.054000 0.054000 0.054000 1.396263
7 5.806601 0.000015 -159.809662 0.158000 0.158000 0.158000 1.396263
4 10.004253 0.000000 159.879974 0.158000 0.158000 0.158000 1.396263
4 -279.558624 0.000000 -26.221287 0.090000 0.090000 0.090000 2.967060
4 279.375031 0.000000 -26.489738 0.078000 0.078000 0.078000 6.108652
2 -169.204498 0.000015 -159.561203 0.054000 0.054000 0.054000 7.679448
3 -129.270752 0.000000 -159.775986 0.054000 0.054000 0.054000 7.679448
1 -87.600700 0.000000 -159.778275 0.054000 0.054000 0.054000 7.679448
4 202.722260 0.000000 -159.859985 0.054000 0.054000 0.054000 7.679448
1 156.624512 -0.000015 -159.859985 0.054000 0.054000 0.054000 7.679448
2 119.974831 0.000000 -159.812286 0.054000 0.054000 0.054000 7.679448
8 89.628838 0.000000 -159.526123 0.190000 0.190000 0.190000 10.122909
0 -156.348358 0.000015 154.508530 0.074000 0.074000 0.074000 9.424777
0 173.194275 -0.000031 155.414398 0.058000 0.058000 0.058000 9.424777
9 -24.746281 0.000015 48.323288 0.198000 0.198000 0.198000 6.457718
8 28.951839 0.000031 48.015587 0.198000 0.198000 0.198000 5.934119
8 28.951839 0.000031 48.015587 0.198000 0.198000 0.198000 5.934119
8 -153.286850 -0.000015 137.611221 0.258000 0.258000 0.258000 0.872665
8 173.583557 0.000000 130.397415 0.290000 0.290000 0.290000 -0.698132
8 173.583557 0.000000 130.397415 0.290000 0.290000 0.290000 -0.698132
8 173.583557 0.000000 130.397415 0.290000 0.290000 0.290000 -0.698132
8 173.583557 0.000000 130.397415 0.290000 0.290000 0.290000 -0.698132
6 -252.370010 0.100000 -12.779068 0.062000 0.062000 0.062000 0.000000
6 252.751999 0.100000 -27.856529 0.062000 0.062000 0.062000 0.000000
