-177.943695 10.000015 -139.441788 1.600000 1.000000 1.000000 -0.698132
-156.566238 9.999985 -80.715652 2.559999 1.000000 1.000000 -1.570796
-167.289032 9.999985 40.178940 1.679999 1.000000 1.000000 -1.745329
-194.599640 10.000000 85.303665 1.679999 1.000000 1.000000 -2.443461
-250.395935 9.999985 100.280807 2.079999 1.000000 1.000000 -3.141592
-280.756653 10.000000 -28.961025 7.879994 1.000000 1.000000 -4.712389
-241.161682 9.999985 -158.770203 2.639999 1.000000 1.000000 -6.283185
-53.333405 10.000015 -59.768143 2.159999 1.000000 1.000000 -6.632250
2.769727 10.000000 -48.335136 1.520000 1.000000 1.000000 -6.283185
53.996552 10.000000 -62.361710 1.839999 1.000000 1.000000 -5.759586
-47.563068 10.000015 53.398819 2.119999 1.000000 1.000000 -5.934119
52.764530 10.000000 52.119362 2.119999 1.000000 1.000000 -6.632250
-69.495804 9.999985 -143.449890 1.560000 1.000000 1.000000 -5.235987
-126.713882 10.000000 -162.191727 4.119998 1.000000 1.000000 -6.283185
6.264938 9.999985 -162.261612 3.839998 1.000000 1.000000 -6.283185
81.351234 10.000000 -143.446350 1.440000 1.000000 1.000000 -7.330382
-152.131256 10.000015 73.005539 1.160000 1.000000 1.000000 -6.283185
-124.552773 10.000015 87.060669 1.400000 1.000000 1.000000 -7.155849
-87.893456 10.000000 107.873421 1.640000 1.000000 1.000000 -6.457717
-59.281807 9.999985 134.100037 1.800000 1.000000 1.000000 -7.504915
8.414969 10.000000 141.911652 3.759998 1.000000 1.000000 -6.283185
90.895859 10.000000 117.117477 2.200000 1.000000 1.000000 -5.585053
132.000107 10.000000 82.461975 1.360000 1.000000 1.000000 -5.585053
164.117233 10.000031 70.750549 1.360000 1.000000 1.000000 -6.283185
147.742447 10.000000 -162.456421 4.399998 1.000000 1.000000 -6.283185
177.690704 10.000015 30.807022 2.120000 1.000000 1.000000 -7.679448
178.903290 10.000015 -79.023544 1.440000 1.000000 1.000000 -7.853981
194.024628 9.999985 -128.584198 1.919999 1.000000 1.000000 -8.377580
249.619705 10.000000 -152.436874 2.359999 1.000000 1.000000 -9.424777
218.198029 10.000015 83.890961 2.359999 1.000000 1.000000 -9.948376
266.131348 10.000000 95.694344 1.320000 1.000000 1.000000 -9.424777
282.215088 10.000015 -28.739887 7.719994 1.000000 1.000000 -10.995573
282.215088 10.000015 -28.739887 7.719994 1.000000 1.000000 -10.995573
282.215088 10.000015 -28.739887 7.719994 1.000000 1.000000 -10.995573
-252.340988 10.100000 -15.556862 1.120000 1.000000 1.000000 0.000000
251.701294 10.100000 -32.306824 1.120000 1.000000 1.000000 0.000000
