-167.902420 -0.000015 -38.854980 4
1 21.082260
9 146.415817
10 165.684814
6 55.216423
-146.886276 0.000015 -37.186638 6
0 21.082260
5 78.480072
3 106.120361
21 330.856201
22 337.161102
7 53.973763
-91.854965 0.000000 -123.449730 2
3 19.990923
4 60.571663
-74.048538 0.000000 -114.363029 4
2 19.990923
12 152.505630
1 106.120361
7 158.984177
-91.258942 0.000000 -62.881001 6
5 21.370209
8 119.155853
10 119.649147
16 155.686264
2 60.571663
18 215.629883
-82.819672 0.000008 -82.514252 5
4 21.370209
1 78.480072
12 158.741028
15 171.519409
7 129.261215
-151.597458 -0.000015 13.899182 4
7 21.856483
9 97.179085
10 134.781143
0 55.216423
-173.102020 0.000000 9.992824 6
6 21.856483
5 129.261215
3 158.984177
22 368.524750
21 355.937408
1 53.973763
-85.100075 0.000008 56.115578 4
9 21.192577
4 119.155853
13 211.697571
10 71.398521
-76.380600 0.000000 75.431274 5
8 21.192577
6 97.179085
19 158.390137
11 69.254028
0 146.415817
-17.999382 0.000015 31.717915 7
11 21.188797
6 134.781143
16 38.593674
4 119.649147
0 165.684814
8 71.398521
17 41.421539
-11.278544 0.000000 51.812576 4
10 21.188797
17 40.802834
9 69.254028
13 154.713547
75.873535 0.000000 -86.410568 5
13 20.697872
23 97.332886
5 158.741028
3 152.505630
21 133.624237
86.096687 0.000000 -68.413651 6
12 20.697872
18 122.449577
17 116.949989
11 154.713547
14 60.554428
8 211.697571
102.367546 -0.000015 -126.741158 2
15 19.685678
13 60.554428
85.160309 0.000015 -117.178894 4
14 19.685678
5 171.519409
23 103.793884
21 147.870438
16.019091 0.000000 49.944691 4
17 20.976265
10 38.593674
19 70.488297
4 155.686264
23.398191 0.000015 30.309198 7
16 20.976265
20 141.701019
11 40.802834
13 116.949989
22 186.490128
18 70.645424
10 41.421539
89.961769 0.000000 53.974915 4
19 22.222342
13 122.449577
4 215.629883
17 70.645424
82.007965 0.000000 74.725082 5
18 22.222342
20 110.743210
9 158.390137
16 70.488297
22 167.751007
161.205139 0.000015 -2.682058 4
21 21.512062
19 110.743210
17 141.701019
22 58.564613
182.482605 0.000000 -5.850378 6
20 21.512062
12 133.624237
15 147.870438
1 330.856201
7 355.937408
23 50.673519
189.867554 -0.000008 -53.753380 6
23 22.103699
19 167.751007
17 186.490128
7 368.524750
1 337.161102
20 58.564613
167.771683 -0.000008 -54.341560 4
22 22.103699
12 97.332886
15 103.793884
21 50.673519
