-173.102020 0.000000 9.992824
-151.597458 -0.000015 13.899182
-167.902420 -0.000015 -38.854980
-146.886276 0.000015 -37.186638
-76.380600 0.000000 75.431274
-85.100075 0.000008 56.115578
-11.278544 0.000000 51.812576
-17.999382 0.000015 31.717915
16.019091 0.000000 49.944691
23.398191 0.000015 30.309198
82.007965 0.000000 74.725082
89.961769 0.000000 53.974915
161.205139 0.000015 -2.682058
182.482605 0.000000 -5.850378
167.771683 -0.000008 -54.341560
189.867554 -0.000008 -53.753380
86.096687 0.000000 -68.413651
75.873535 0.000000 -86.410568
85.160309 0.000015 -117.178894
102.367546 -0.000015 -126.741158
-91.854965 0.000000 -123.449730
-74.048538 0.000000 -114.363029
-91.258942 0.000000 -62.881001
-82.819672 0.000008 -82.514252
-146.886276 0.000015 -37.186638
-82.819672 0.000008 -82.514252
167.771683 -0.000008 -54.341560
75.873535 0.000000 -86.410568
-82.819672 0.000008 -82.514252
75.873535 0.000000 -86.410568
-82.819672 0.000008 -82.514252
85.160309 0.000015 -117.178894
75.873535 0.000000 -86.410568
-74.048538 0.000000 -114.363029
-146.886276 0.000015 -37.186638
-74.048538 0.000000 -114.363029
167.771683 -0.000008 -54.341560
85.160309 0.000015 -117.178894
-151.597458 -0.000015 13.899182
-76.380600 0.000000 75.431274
161.205139 0.000015 -2.682058
82.007965 0.000000 74.725082
-151.597458 -0.000015 13.899182
-17.999382 0.000015 31.717915
161.205139 0.000015 -2.682058
23.398191 0.000015 30.309198
-76.380600 0.000000 75.431274
82.007965 0.000000 74.725082
-17.999382 0.000015 31.717915
16.019091 0.000000 49.944691
23.398191 0.000015 30.309198
-11.278544 0.000000 51.812576
-76.380600 0.000000 75.431274
-11.278544 0.000000 51.812576
16.019091 0.000000 49.944691
82.007965 0.000000 74.725082
-173.102020 0.000000 9.992824
-82.819672 0.000008 -82.514252
182.482605 0.000000 -5.850378
75.873535 0.000000 -86.410568
-91.258942 0.000000 -62.881001
-85.100075 0.000008 56.115578
86.096687 0.000000 -68.413651
89.961769 0.000000 53.974915
-91.258942 0.000000 -62.881001
-17.999382 0.000015 31.717915
86.096687 0.000000 -68.413651
23.398191 0.000015 30.309198
-91.258942 0.000000 -62.881001
16.019091 0.000000 49.944691
86.096687 0.000000 -68.413651
-11.278544 0.000000 51.812576
-167.902420 -0.000015 -38.854980
-76.380600 0.000000 75.431274
189.867554 -0.000008 -53.753380
82.007965 0.000000 74.725082
-167.902420 -0.000015 -38.854980
-17.999382 0.000015 31.717915
189.867554 -0.000008 -53.753380
23.398191 0.000015 30.309198
-91.258942 0.000000 -62.881001
-91.854965 0.000000 -123.449730
86.096687 0.000000 -68.413651
102.367546 -0.000015 -126.741158
-91.258942 0.000000 -62.881001
89.961769 0.000000 53.974915
86.096687 0.000000 -68.413651
-85.100075 0.000008 56.115578
-173.102020 0.000000 9.992824
-74.048538 0.000000 -114.363029
85.160309 0.000015 -117.178894
182.482605 0.000000 -5.850378
-146.886276 0.000015 -37.186638
182.482605 0.000000 -5.850378
189.867554 -0.000008 -53.753380
-173.102020 0.000000 9.992824
-173.102020 0.000000 9.992824
182.482605 0.000000 -5.850378
-146.886276 0.000015 -37.186638
189.867554 -0.000008 -53.753380
-85.100075 0.000008 56.115578
-17.999382 0.000015 31.717915
23.398191 0.000015 30.309198
89.961769 0.000000 53.974915
-17.999382 0.000015 31.717915
23.398191 0.000015 30.309198
182.482605 0.000000 -5.850378
167.771683 -0.000008 -54.341560
-173.102020 0.000000 9.992824
-146.886276 0.000015 -37.186638
-167.902420 -0.000015 -38.854980
-151.597458 -0.000015 13.899182
189.867554 -0.000008 -53.753380
161.205139 0.000015 -2.682058
